1.12578195876
0.16026238021
0.0392117875843
0.968428864579
0.334430039433
0.235098864615
1.09595064233
2.37425604196
1.18110389062
0.551066224631
3.05660754253
0.331741513346
0.623113690498
0.779743396525
0.385609046049
1.08452028189
0.416603089714
0.164664393695
0.834930245655
0.0738437663114
0.265932923502
0.226200819916
0.154242588789
1.10647564169
0.988518778261
0.0706536307144
0.110607671559
0.179806815667
0.237075110896
0.0351822915101
0.318438969485
0.813799326758
0.0147467943797
0.17106381572
0.964410744839
0.935374782464
0.140454552117
1.44268671937
0.981281228157
0.674418289217
0.00171832953194
1.10396807971
0.0321612716967
1.18638561992
0.505943728311
1.18232387738
1.22600493172
0.400324315622
1.02527526699
1.27268184466
0.889287063736
0.211593358116
0.188699488602
0.0672119783786
0.607105948532
3.41658171639
0.177336484855
3.59779644485
3.26489914352
2.16943881475
1.58169907325
0.698224211923
2.81237879161
0.0780176939062
1.76985895545
2.15477999919
0.365970910273
0.217728570413
0.90644457121
0.511643742161
0.624716764474
1.42783378913
1.03739940958
2.13079516897
0.732686397693
0.130750321251
2.29676243427
0.0232377285788
0.210645240881
2.56465770207
1.07937234626
1.06070185084
0.517507249142
0.814338308137
0.294993178921
0.499675524078
2.42008157268
0.520703837273
0.586277644358
0.543484002661
3.25919444697
1.64851888231
0.970476638756
0.448896562413
1.68246933041
0.704711111315
0.811184375004
0.85364207193
1.12042781542
0.0352149332759
1.02925076193
0.745321305036
0.764949415866
0.738100372947
2.25978254777
1.58058469955
0.987109269404
0.877190802853
0.97637432659
0.226556752435
0.329817557653
3.71142039222
0.750553652784
0.414528786631
0.0335245704354
0.197251448169
1.68361176066
0.17076440817
3.35011873194
0.236596430669
0.285942210339
0.844199915035
1.10376863279
0.767957889216
0.413715282743
0.189040526082
0.165172914711
0.2577590882
0.263607005428
0.614852488339
1.86228228349
0.390392283277
0.27521162504
0.332713352813
0.391931291425
1.97136013383
0.456457408707
0.1279937705
1.74756231359
1.55834199517
0.511116674573
1.90327212723
1.9817808562
6.55265405601
0.190576158747
0.146386143947
0.618363675958
0.0829013936087
1.95857212189
0.0206792972074
0.394592797199
0.883502258817
2.04495354109
0.844587393081
1.24169980406
0.586581866043
1.16705946643
0.858499694471
2.12916950514
2.76694152939
0.543691823534
0.433229361599
0.435808941065
0.221444432331
1.21026921769
0.627566634479
1.77915616512
1.07387829879
0.0563814555064
0.446506504861
0.2063923662
1.28862741959
3.4318703932
0.65417816867
0.831173346183
0.673342485629
1.02024982595
0.678184547587
0.314734446656
0.053525604196
0.360175150513
1.24153654876
0.392999936034
0.695819723629
0.0634495109732
0.097274193237
1.94413657371
0.419535609048
0.429782281108
0.278153361745
1.8616188648
0.696985227981
0.298760246551
1.74055806312
2.54598929335
3.88854271402
1.9940780206
0.671868056318
0.381875827528
0.141566842409
0.0664617342518
1.5039726321
2.26330464121
0.299758140938
2.97053562742
1.63682481868
1.87396615439
0.278846034255
2.65440961551
2.34150636046
0.138616591573
1.65668026719
0.66106306964
4.37779233333
3.32876249257
1.9943730635
0.241145566714
1.39627491156
1.11988443829
2.11734307322
0.152810418583
0.662053996458
0.122063564545
1.10637369852
1.24388493172
0.0599553301888
0.330300281375
0.851653690434
1.34013597712
1.07788518708
0.967032069859
1.20272578483
5.0272252271
2.71620304746
2.0838577795
2.0356504706
1.25922501319
0.714090426956
1.33863178837
0.257287918135
0.472705878674
1.02942480261
0.978466466922
1.90688367205
0.159887738636
0.853237683131
0.493098494225
0.312020687709
0.0501849070742
0.750623272924
5.10483456517
2.07898259001
1.23555599618
0.144435722475
2.93940973605
0.904486105154
0.0542097010784
1.78781783559
0.645346252414
0.192773615084
2.10311193481
1.30364339505
0.0969766251838
0.448997683444
0.210888167555
1.35961750966
1.41373939632
0.95240423081
0.707911376111
2.27097221292
0.169783567577
0.659893344669
0.490225917068
1.35848905203
0.0764129852562
0.39149816249
1.18759035287
3.20204779874
0.346191109418
1.44492884244
0.765693499345
0.586626700929
0.232108684365
2.99589292314
0.227531385394
0.351511889117
0.147178424596
0.826809690834
0.00526424996746
0.167802180428
0.112133067246
0.197348904365
0.304245250415
0.711760379205
2.29117526293
0.500739391341
1.05095136819
0.598508935124
2.40097720729
2.87807158054
0.0738796835835
0.9982896365
0.410511989889
2.59333953066
2.14438169524
0.472919129993
0.49377163585
0.123247883528
1.82296178538
2.04005410523
0.906825341121
0.495352312022
0.772946914242
1.89260124817
0.18592432349
3.14374035638
1.80635302798
0.755885053506
1.89111934692
6.41836468098
0.447986262519
0.541564953225
0.407875093454
0.13396186253
2.23534768055
0.319901733469
2.92481763829
1.21982387039
1.13021084104
1.39100627925
1.42139245541
0.0626922162
0.0778420519214
0.538642173434
0.181503921001
0.841879105213
0.907092131393
0.0275037223109
0.504924626433
2.18679519603
0.257398125032
0.538678334501
4.4133407179
0.0343560872014
0.39723291771
0.187037152969
2.34236884504
0.738776554479
1.512729256
1.6217029458
0.153501871619
0.408199291142
0.497197666049
0.832188479951
0.300382384223
2.68292536201
1.12572357225
0.124630051415
0.655106789093
1.27292751865
0.837031590824
0.0610087470687
1.373322102
0.109869405976
0.725423521298
0.0877950933343
0.645033307818
0.521250259769
1.28606798885
0.191541920066
1.53483025906
1.52563281258
0.59988993938
0.191309099851
0.961292490599
0.184447568156
0.691671638011
0.135791788756
0.27835724063
2.0041546045
1.44653914046
0.610535955079
0.198113468808
1.01827284314
1.87015091067
0.460985830958
0.828394680201
0.805763761006
0.323600353693
2.00659790077
0.294842350571
0.202378419584
0.809752462346
1.53659724266
0.81927965825
0.012524118492
0.336815071727
0.442498635953
1.05802397568
1.85746648041
2.44613641464
0.14742371034
0.662676090927
1.3024604368
0.160321958256
1.72378504835
1.94880797336
0.185145739287
0.512951090778
0.560737727251
0.919014313623
0.222010364313
1.09058490096
0.880232018239
1.57146791846
1.36549335953
0.731999382403
3.67056441943
4.2571253313
0.049665582632
1.46658656478
0.384671340953
1.03475898615
0.200479216229
0.00658414056911
1.09489097363
2.79483723735
1.16164251709
0.75548929822
2.23883084242
0.693960000317
2.79432535772
0.30263710909
0.72586879962
2.84363478902
0.267520656875
0.821822453971
0.235731894404
0.98158382086
0.0275277811778
1.86785680477
0.298086182103
0.132248265147
1.48627463259
1.12635920085
4.35833697181
0.0457279465538
3.16319150257
2.17276217911
0.187951519168
2.31269961344
0.298583771463
0.296697766863
6.49903768081
0.43507403073
0.201347019089
0.601283791939
2.26161312105
1.407938525
1.3454806138
1.24167405712
0.120350531562
1.45338997725
0.0852170777306
0.420786163207
0.137561118417
0.384776376079
0.536161321768
1.91924637806
0.228022929182
0.591182018976
1.6998551308
2.0116407474
0.124309405054
0.230118824098
1.01997868226
0.409446593067
2.19500312904
1.62269627335
0.70739335979
1.31269554909
0.0146930909607
0.685797788488
0.116787479636
0.930690621938
0.747707800977
0.312622781579
4.03222302058
3.30305937241
0.167784533686
1.24888618628
3.16207795082
0.858473600984
0.227643740612
0.620537670423
0.305915681365
0.702371499756
1.04664882248
1.00309248487
0.470755958956
0.0218275115823
0.71738567315
1.41304174395
0.0837277361438
0.0794586906901
1.94536643653
1.38416179845
2.50324288255
0.860990763301
0.12726678312
0.352800588323
1.32930124712
0.195696465006
0.496372739035
0.649724549797
0.703794879827
0.305927244313
1.4096437367
1.97283742062
0.789523750072
0.0498783893029
0.855759781914
1.86950238827
0.389793047245
1.61296544264
0.0183342500821
0.380880008222
0.121347163325
4.86077659993
0.096610472188
0.116475422463
0.670114770504
0.588065053294
2.84035349642
0.939937007938
0.143716337671
0.0628031839641
0.362505209194
0.74594165706
0.0425764231284
0.0771246230544
0.792361476921
0.734170853113
0.274166286687
0.20396002577
0.125854680503
0.547099076237
0.506078203568
0.591609206209
4.51337210645
0.420563162732
0.0234724128607
1.07417584165
0.78325338716
0.141860825022
0.942019869655
0.152784486613
1.4673535583
3.42657315043
0.408935878607
0.373647495437
0.081283032146
0.869728487063
0.732762602856
0.382652629607
1.02234317258
3.41288128309
0.46300695879
1.0254676227
0.331712900909
2.94122049769
1.5431327828
0.0204521173974
0.610837887649
0.40965322004
1.1257122445
0.358533289192
0.873442577622
0.436082959243
1.47193502001
0.380771270522
1.4704900342
0.968491710557
0.309438563483
1.84411749602
0.696707935967
0.226885487895
0.276782452372
0.356814370337
1.28856817305
0.283374532549
0.49827206076
0.166978076021
2.81979741443
2.42027063806
1.17325576601
0.148685635658
1.19785909966
0.211032703361
2.21873408749
0.0830172877294
1.377520952
0.858497927833
1.30665165566
0.0931507341956
0.0956635600708
0.471139635956
0.890373158656
0.306443602578
0.593976784375
0.954371477874
0.44153333328
0.418744865197
1.53784338276
1.25180381988
0.31018051761
0.525144129586
0.736527604404
1.89035671731
0.126003946593
0.633480638916
0.828207363881
1.41101321973
2.22903274608
0.614412710374
0.119558771955
0.123249204347
0.3604635048
2.23602257601
0.889396725774
0.40588058093
0.905676427831
0.20505841236
1.99924109282
0.984199114398
0.754805818634
0.411572643053
0.657876419876
0.603765188423
1.42916770782
2.02514728104
0.010465459227
1.65456850624
0.175345899856
1.17528940361
0.00272970964611
1.39857302026
0.621692273467
0.668451903354
0.117343631054
0.0694047374567
1.19471476091
0.256712349752
0.126979870081
0.556776448596
0.0897061625824
1.6370609003
1.29510841449
3.16587026279
1.93323965893
0.715530620319
0.0403237416378
2.4564435964
0.547120275922
0.0425775189869
0.9761756288
0.310814870913
0.921941934856
0.735361305147
2.80119845532
1.72708097656
1.34202840661
0.549880412149
2.52794416396
0.165182712033
0.440623553336
0.721175661104
1.01649984421
2.47606368422
0.0335159186219
0.358086413264
0.392586662397
2.292785204
1.03743970923
0.879121633773
0.252827124219
0.881042065371
0.0289688990012
0.630907090975
0.611019986818
2.95023487581
0.831327751335
0.0182031622128
1.63389616947
0.891801637106
0.0908193079896
0.488972258913
0.89269544058
0.088198712789
0.110734129935
0.436989316598
0.366687138956
0.462388516299
0.337078778391
2.61366026186
0.42596261989
1.14754654624
0.110668430306
0.53370430602
2.22360451306
0.879065369556
1.01102226659
0.20062036979
0.631747262665
0.907500019225
0.154815271637
0.356252999596
0.827275138074
4.57816691518
0.153881260263
1.40546222454
0.0667982024199
0.48616453238
0.126019017587
1.60472031243
1.66974282267
0.993583652785
2.186365279
0.00674046048869
0.721252023496
1.39251396219
3.53893242207
0.396441887006
0.304265594727
1.4388603594
1.51612606184
0.206860692028
0.336043940796
0.118071508599
0.570511799643
0.763045501008
0.820190381954
0.802018098501
0.480229227207
2.12198524278
1.14106540834
0.463959738676
0.887803767558
0.769952080059
3.09481505957
0.919319982356
3.47107868997
0.0506665811729
0.627871180424
0.707650950436
0.0164046876035
0.863792129198
0.0684822260498
0.108895586985
0.634641252988
0.140966041022
0.569290356232
1.85116508992
1.62154512092
0.206266810989
0.306475513885
0.528423992407
0.920472036094
0.47621929089
1.12982492019
0.709825770366
1.52603117328
0.191808536562
0.148914379522
1.3780341178
0.03646874569
0.911122808598
0.00870211565693
1.68468809627
1.17438013531
0.108254539505
0.993173862218
0.187618019418
0.686511357845
2.41767556416
0.147661945915
0.709772167923
0.663417180413
2.50545689449
0.818026035202
0.660460017249
0.494547140818
1.63040440612
0.824324379972
3.30988259841
0.706956788943
0.485897495158
0.382292435188
1.05004053147
0.14749837532
0.425028666811
2.56751587937
3.83817759007
0.507094077971
0.557939493778
1.38585989967
2.19695365239
1.96219947355
0.408884691654
0.344736393302
1.40045140783
2.16636009648
2.43517749809
1.75487987443
1.33560360962
4.8479916899
3.65693253499
0.213715249111
0.803148705146
1.50355876744
0.0529713311428
3.92762167121
1.71031792844
2.62778018821
0.163499320819
1.53726969569
3.85601211441
0.407875470818
1.71591657623
0.744376534886
0.564372585437
0.216583157017
0.25791517326
0.43874587271
0.0687182645314
0.0350690734672
1.19479548592
0.987908081453
0.244947770338
0.597701847268
1.12016811949
0.547525366687
0.196992696278
1.39406012711
0.760189202228
5.30513890767
1.37593917271
0.981346930759
0.190795808435
1.69749574461
1.06935061152
0.225076028398
1.01509462538
1.27911255757
0.359433149647
0.890997896759
1.3638586369
1.00396283669
0.0384438843694
0.362729572952
1.01157679092
2.2689085357
0.285230492401
0.687856939854
0.610778891861
1.54235625676
0.481208506251
0.109421248781
1.38633323493
1.71481121279
2.63027741577
1.72926279921
1.50595511266
1.40961487433
0.0772512341851
0.983498401624
0.23797453912
0.0992246915436
1.16884490575
0.636088638946
2.01305627469
3.70589474987
1.0140829136
0.0517690419867
0.411919367573
0.817066040241
1.00753102668
0.403054221537
0.136768502216
0.976069943852
0.566449727774
0.66902685321
0.246348439806
0.0718464638609
1.21961146161
0.123643278632
0.322452745924
1.72179430442
1.66779680059
0.203193082225
0.252015349008
0.694985479627
1.15309837355
1.30358078875
1.67326952244
1.27904445712
0.805927521755
0.563281835583
0.464739174205
0.510407016136
0.0464017226752
1.14197431501
3.00672546669
0.34250984821
0.355188440995
0.249082875247
0.440731282873
0.0628799477129
0.915738670694
0.0118304132768
0.249261786151
0.147885355089
0.051517045735
1.15808712442
3.01653296067
2.31630775904
0.178184692335
0.00247314904844
0.545494599034
0.150053197961
1.06757940914
0.691726793837
0.209380978076
1.14120044159
0.401957925444
0.0381290636893
4.03936838546
1.45961856273
0.579776712664
0.449227804181
0.455199409142
0.202180751666
1.0181756665
3.01108101094
0.103087282491
0.929451559812
0.513084562668
2.45149911708
4.24088392753
0.671812742552
0.659158494208
1.03612520279
0.107357135053
2.56271230709
0.329924311297
0.0435995133506
0.485652493984
0.0589323521938
0.238163676857
0.279674998608
2.71816152593
0.0171945090449
0.29222137475
0.0399924052499
0.256328443269
0.408679068015
0.810541952002
1.22876669221
2.41897737265
0.278271953387
0.205825328691
0.460157685331
0.606319965955
2.15727223923
2.57986826245
0.468468143385
2.78342919551
1.19460509695
1.57418929088
0.802278440817
1.02547643957
0.505090111878
0.13683325044
0.00224767208341
0.579555015957
0.046417315968
0.0384788010183
1.690019207
0.113375032397
0.577068219817
0.160946615777
0.457796291153
4.12323643713
0.514052045239
2.3049924395
0.826904829906
2.57966223057
0.0374482762764
0.867588313121
0.336827974386
