1.12578195876
0.16026238021
0.0392117875843
0.968428864579
0.334430039433
0.235098864615
1.09595064233
2.37425604196
1.18110389062
0.551066224631
3.05660754253
0.331741513346
0.623113690498
0.779743396525
0.385609046049
1.08452028189
0.416603089714
0.164664393695
0.834930245655
0.0738437663114
0.265932923502
0.226200819916
0.154242588789
1.10647564169
0.988518778261
0.0706536307144
0.110607671559
0.179806815667
0.237075110896
0.0351822915101
0.318438969485
0.813799326758
0.0147467943797
0.17106381572
0.964410744839
0.935374782464
0.140454552117
1.44268671937
0.981281228157
0.674418289217
0.00171832953194
1.10396807971
0.0321612716967
1.18638561992
0.505943728311
1.18232387738
1.22600493172
0.400324315622
1.02527526699
1.27268184466
0.889287063736
0.211593358116
0.188699488602
0.0672119783786
0.607105948532
3.41658171639
0.177336484855
3.59779644485
3.26489914352
2.16943881475
1.58169907325
0.698224211923
2.81237879161
0.0780176939062
1.76985895545
2.15477999919
0.365970910273
0.217728570413
0.90644457121
0.511643742161
0.624716764474
1.42783378913
1.03739940958
2.13079516897
0.732686397693
0.130750321251
2.29676243427
0.0232377285788
0.210645240881
2.56465770207
1.07937234626
1.06070185084
0.517507249142
0.814338308137
0.294993178921
0.499675524078
2.42008157268
0.520703837273
0.586277644358
0.543484002661
3.25919444697
1.64851888231
0.970476638756
0.448896562413
1.68246933041
0.704711111315
0.811184375004
0.85364207193
1.12042781542
0.0352149332759
1.02925076193
0.745321305036
0.764949415866
0.738100372947
2.25978254777
1.58058469955
0.987109269404
0.877190802853
0.97637432659
0.226556752435
0.329817557653
3.71142039222
0.750553652784
0.414528786631
0.0335245704354
0.197251448169
1.68361176066
0.17076440817
3.35011873194
0.236596430669
0.285942210339
0.844199915035
1.10376863279
0.767957889216
0.413715282743
0.189040526082
0.165172914711
0.2577590882
0.263607005428
0.614852488339
1.86228228349
0.390392283277
0.27521162504
0.332713352813
0.391931291425
1.97136013383
0.456457408707
0.1279937705
1.74756231359
1.55834199517
0.511116674573
1.90327212723
1.9817808562
6.55265405601
0.190576158747
0.146386143947
0.618363675958
0.0829013936087
1.95857212189
0.0206792972074
0.394592797199
0.883502258817
2.04495354109
0.844587393081
1.24169980406
0.586581866043
1.16705946643
0.858499694471
2.12916950514
2.76694152939
0.543691823534
0.433229361599
0.435808941065
0.221444432331
1.21026921769
0.627566634479
1.77915616512
1.07387829879
0.0563814555064
0.446506504861
0.2063923662
1.28862741959
3.4318703932
0.65417816867
0.831173346183
0.673342485629
1.02024982595
0.678184547587
0.314734446656
0.053525604196
0.360175150513
1.24153654876
0.392999936034
0.695819723629
0.0634495109732
0.097274193237
1.94413657371
0.419535609048
0.429782281108
0.278153361745
1.8616188648
0.696985227981
0.298760246551
1.74055806312
2.54598929335
3.88854271402
1.9940780206
0.671868056318
0.381875827528
0.141566842409
0.0664617342518
1.5039726321
2.26330464121
0.299758140938
2.97053562742
1.63682481868
1.87396615439
0.278846034255
2.65440961551
2.34150636046
0.138616591573
1.65668026719
0.66106306964
4.37779233333
3.32876249257
1.9943730635
0.241145566714
1.39627491156
1.11988443829
2.11734307322
0.152810418583
0.662053996458
0.122063564545
1.10637369852
1.24388493172
0.0599553301888
0.330300281375
0.851653690434
1.34013597712
1.07788518708
0.967032069859
1.20272578483
5.0272252271
2.71620304746
2.0838577795
2.0356504706
1.25922501319
0.714090426956
1.33863178837
0.257287918135
0.472705878674
1.02942480261
0.978466466922
1.90688367205
0.159887738636
0.853237683131
0.493098494225
0.312020687709
0.0501849070742
0.750623272924
5.10483456517
2.07898259001
1.23555599618
0.144435722475
2.93940973605
0.904486105154
0.0542097010784
1.78781783559
0.645346252414
0.192773615084
2.10311193481
1.30364339505
0.0969766251838
0.448997683444
0.210888167555
1.35961750966
1.41373939632
0.95240423081
0.707911376111
2.27097221292
0.169783567577
0.659893344669
0.490225917068
1.35848905203
0.0764129852562
0.39149816249
1.18759035287
3.20204779874
0.346191109418
1.44492884244
0.765693499345
0.586626700929
0.232108684365
2.99589292314
0.227531385394
0.351511889117
0.147178424596
0.826809690834
0.00526424996746
0.167802180428
0.112133067246
0.197348904365
0.304245250415
0.711760379205
2.29117526293
0.500739391341
1.05095136819
0.598508935124
2.40097720729
2.87807158054
0.0738796835835
0.9982896365
0.410511989889
2.59333953066
2.14438169524
0.472919129993
0.49377163585
0.123247883528
1.82296178538
2.04005410523
0.906825341121
0.495352312022
0.772946914242
1.89260124817
0.18592432349
3.14374035638
1.80635302798
0.755885053506
1.89111934692
6.41836468098
0.447986262519
0.541564953225
0.407875093454
0.13396186253
2.23534768055
0.319901733469
2.92481763829
1.21982387039
1.13021084104
1.39100627925
1.42139245541
0.0626922162
0.0778420519214
0.538642173434
0.181503921001
0.841879105213
0.907092131393
0.0275037223109
0.504924626433
2.18679519603
0.257398125032
0.538678334501
4.4133407179
0.0343560872014
0.39723291771
0.187037152969
2.34236884504
0.738776554479
1.512729256
1.6217029458
0.153501871619
0.408199291142
0.497197666049
0.832188479951
0.300382384223
2.68292536201
1.12572357225
0.124630051415
0.655106789093
1.27292751865
0.837031590824
0.0610087470687
1.373322102
0.109869405976
0.725423521298
0.0877950933343
0.645033307818
0.521250259769
1.28606798885
0.191541920066
1.53483025906
1.52563281258
0.59988993938
0.191309099851
0.961292490599
0.184447568156
0.691671638011
0.135791788756
0.27835724063
2.0041546045
1.44653914046
0.610535955079
0.198113468808
1.01827284314
1.87015091067
0.460985830958
0.828394680201
0.805763761006
0.323600353693
2.00659790077
0.294842350571
0.202378419584
0.809752462346
1.53659724266
0.81927965825
0.012524118492
0.336815071727
0.442498635953
1.05802397568
1.85746648041
2.44613641464
0.14742371034
0.662676090927
1.3024604368
0.160321958256
1.72378504835
1.94880797336
0.185145739287
0.512951090778
0.560737727251
0.919014313623
0.222010364313
1.09058490096
0.880232018239
1.57146791846
1.36549335953
0.731999382403
3.67056441943
4.2571253313
0.049665582632
1.46658656478
0.384671340953
1.03475898615
0.200479216229
0.00658414056911
1.09489097363
2.79483723735
1.16164251709
0.75548929822
2.23883084242
0.693960000317
2.79432535772
0.30263710909
0.72586879962
2.84363478902
0.267520656875
0.821822453971
0.235731894404
0.98158382086
0.0275277811778
1.86785680477
0.298086182103
0.132248265147
1.48627463259
1.12635920085
4.35833697181
0.0457279465538
3.16319150257
2.17276217911
0.187951519168
2.31269961344
0.298583771463
0.296697766863
6.49903768081
0.43507403073
0.201347019089
0.601283791939
2.26161312105
1.407938525
1.3454806138
1.24167405712
0.120350531562
1.45338997725
0.0852170777306
0.420786163207
0.137561118417
0.384776376079
0.536161321768
1.91924637806
0.228022929182
0.591182018976
1.6998551308
2.0116407474
0.124309405054
0.230118824098
1.01997868226
0.409446593067
2.19500312904
1.62269627335
0.70739335979
1.31269554909
0.0146930909607
0.685797788488
0.116787479636
0.930690621938
0.747707800977
0.312622781579
4.03222302058
3.30305937241
0.167784533686
1.24888618628
3.16207795082
0.858473600984
0.227643740612
0.620537670423
0.305915681365
0.702371499756
1.04664882248
1.00309248487
0.470755958956
0.0218275115823
0.71738567315
1.41304174395
0.0837277361438
0.0794586906901
1.94536643653
1.38416179845
2.50324288255
0.860990763301
0.12726678312
0.352800588323
1.32930124712
0.195696465006
0.496372739035
0.649724549797
0.703794879827
0.305927244313
1.4096437367
1.97283742062
0.789523750072
0.0498783893029
0.855759781914
1.86950238827
0.389793047245
1.61296544264
0.0183342500821
0.380880008222
0.121347163325
4.86077659993
0.096610472188
0.116475422463
0.670114770504
0.588065053294
2.84035349642
0.939937007938
0.143716337671
0.0628031839641
0.362505209194
0.74594165706
0.0425764231284
0.0771246230544
0.792361476921
0.734170853113
0.274166286687
0.20396002577
0.125854680503
0.547099076237
0.506078203568
0.591609206209
4.51337210645
0.420563162732
0.0234724128607
1.07417584165
0.78325338716
0.141860825022
0.942019869655
0.152784486613
1.4673535583
3.42657315043
0.408935878607
0.373647495437
0.081283032146
0.869728487063
0.732762602856
0.382652629607
1.02234317258
3.41288128309
0.46300695879
1.0254676227
0.331712900909
2.94122049769
1.5431327828
0.0204521173974
0.610837887649
0.40965322004
1.1257122445
0.358533289192
0.873442577622
0.436082959243
1.47193502001
0.380771270522
1.4704900342
0.968491710557
0.309438563483
1.84411749602
0.696707935967
0.226885487895
0.276782452372
0.356814370337
1.28856817305
0.283374532549
0.49827206076
0.166978076021
2.81979741443
2.42027063806
1.17325576601
0.148685635658
1.19785909966
0.211032703361
2.21873408749
0.0830172877294
1.377520952
0.858497927833
1.30665165566
0.0931507341956
0.0956635600708
0.471139635956
0.890373158656
0.306443602578
0.593976784375
0.954371477874
0.44153333328
0.418744865197
1.53784338276
1.25180381988
0.31018051761
0.525144129586
0.736527604404
1.89035671731
0.126003946593
0.633480638916
0.828207363881
1.41101321973
2.22903274608
0.614412710374
0.119558771955
0.123249204347
0.3604635048
2.23602257601
0.889396725774
0.40588058093
0.905676427831
0.20505841236
1.99924109282
0.984199114398
0.754805818634
0.411572643053
0.657876419876
0.603765188423
1.42916770782
2.02514728104
0.010465459227
1.65456850624
0.175345899856
1.17528940361
0.00272970964611
1.39857302026
0.621692273467
0.668451903354
0.117343631054
0.0694047374567
1.19471476091
0.256712349752
0.126979870081
0.556776448596
0.0897061625824
1.6370609003
1.29510841449
3.16587026279
1.93323965893
0.715530620319
0.0403237416378
2.4564435964
0.547120275922
0.0425775189869
0.9761756288
0.310814870913
0.921941934856
0.735361305147
2.80119845532
1.72708097656
1.34202840661
0.549880412149
2.52794416396
0.165182712033
0.440623553336
0.721175661104
1.01649984421
2.47606368422
0.0335159186219
0.358086413264
0.392586662397
2.292785204
1.03743970923
0.879121633773
0.252827124219
0.881042065371
0.0289688990012
0.630907090975
0.611019986818
2.95023487581
0.831327751335
0.0182031622128
1.63389616947
0.891801637106
0.0908193079896
0.488972258913
0.89269544058
0.088198712789
0.110734129935
0.436989316598
0.366687138956
0.462388516299
0.337078778391
2.61366026186
0.42596261989
1.14754654624
0.110668430306
0.53370430602
2.22360451306
0.879065369556
1.01102226659
0.20062036979
0.631747262665
0.907500019225
0.154815271637
0.356252999596
0.827275138074
4.57816691518
0.153881260263
1.40546222454
0.0667982024199
0.48616453238
0.126019017587
1.60472031243
1.66974282267
0.993583652785
2.186365279
0.00674046048869
0.721252023496
1.39251396219
3.53893242207
0.396441887006
0.304265594727
1.4388603594
1.51612606184
0.206860692028
0.336043940796
0.118071508599
0.570511799643
0.763045501008
0.820190381954
0.802018098501
0.480229227207
2.12198524278
1.14106540834
0.463959738676
0.887803767558
0.769952080059
3.09481505957
0.919319982356
3.47107868997
0.0506665811729
0.627871180424
0.707650950436
0.0164046876035
0.863792129198
0.0684822260498
0.108895586985
0.634641252988
0.140966041022
0.569290356232
1.85116508992
1.62154512092
0.206266810989
0.306475513885
0.528423992407
0.920472036094
0.47621929089
1.12982492019
0.709825770366
1.52603117328
0.191808536562
0.148914379522
1.3780341178
0.03646874569
0.911122808598
0.00870211565693
1.68468809627
1.17438013531
0.108254539505
0.993173862218
0.187618019418
0.686511357845
2.41767556416
0.147661945915
0.709772167923
0.663417180413
2.50545689449
0.818026035202
0.660460017249
0.494547140818
1.63040440612
0.824324379972
3.30988259841
0.706956788943
0.485897495158
0.382292435188
1.05004053147
0.14749837532
0.425028666811
2.56751587937
3.83817759007
0.507094077971
0.557939493778
1.38585989967
2.19695365239
1.96219947355
0.408884691654
0.344736393302
1.40045140783
2.16636009648
2.43517749809
1.75487987443
1.33560360962
4.8479916899
3.65693253499
0.213715249111
0.803148705146
1.50355876744
0.0529713311428
3.92762167121
1.71031792844
2.62778018821
0.163499320819
1.53726969569
3.85601211441
0.407875470818
1.71591657623
0.744376534886
0.564372585437
0.216583157017
0.25791517326
0.43874587271
0.0687182645314
0.0350690734672
1.19479548592
0.987908081453
0.244947770338
0.597701847268
1.12016811949
0.547525366687
0.196992696278
1.39406012711
0.760189202228
5.30513890767
1.37593917271
0.981346930759
0.190795808435
1.69749574461
1.06935061152
0.225076028398
1.01509462538
1.27911255757
0.359433149647
0.890997896759
1.3638586369
1.00396283669
0.0384438843694
0.362729572952
1.01157679092
2.2689085357
0.285230492401
0.687856939854
0.610778891861
1.54235625676
0.481208506251
0.109421248781
1.38633323493
1.71481121279
2.63027741577
1.72926279921
1.50595511266
1.40961487433
0.0772512341851
0.983498401624
0.23797453912
0.0992246915436
1.16884490575
0.636088638946
2.01305627469
3.70589474987
1.0140829136
0.0517690419867
0.411919367573
0.817066040241
1.00753102668
0.403054221537
0.136768502216
0.976069943852
0.566449727774
0.66902685321
0.246348439806
0.0718464638609
1.21961146161
0.123643278632
0.322452745924
1.72179430442
1.66779680059
0.203193082225
0.252015349008
0.694985479627
1.15309837355
1.30358078875
1.67326952244
1.27904445712
0.805927521755
0.563281835583
0.464739174205
0.510407016136
0.0464017226752
1.14197431501
3.00672546669
0.34250984821
0.355188440995
0.249082875247
0.440731282873
0.0628799477129
0.915738670694
0.0118304132768
0.249261786151
0.147885355089
0.051517045735
1.15808712442
3.01653296067
2.31630775904
0.178184692335
0.00247314904844
0.545494599034
0.150053197961
1.06757940914
0.691726793837
0.209380978076
1.14120044159
0.401957925444
0.0381290636893
4.03936838546
1.45961856273
0.579776712664
0.449227804181
0.455199409142
0.202180751666
1.0181756665
3.01108101094
0.103087282491
0.929451559812
0.513084562668
2.45149911708
4.24088392753
0.671812742552
0.659158494208
1.03612520279
0.107357135053
2.56271230709
0.329924311297
0.0435995133506
0.485652493984
0.0589323521938
0.238163676857
0.279674998608
2.71816152593
0.0171945090449
0.29222137475
0.0399924052499
0.256328443269
0.408679068015
0.810541952002
1.22876669221
2.41897737265
0.278271953387
0.205825328691
0.460157685331
0.606319965955
2.15727223923
2.57986826245
0.468468143385
2.78342919551
1.19460509695
1.57418929088
0.802278440817
1.02547643957
0.505090111878
0.13683325044
0.00224767208341
0.579555015957
0.046417315968
0.0384788010183
1.690019207
0.113375032397
0.577068219817
0.160946615777
0.457796291153
4.12323643713
0.514052045239
2.3049924395
0.826904829906
2.57966223057
0.0374482762764
0.867588313121
0.336827974386
108
113
103
98
90
81
90
117
93
82
94
90
96
94
102
98
98
103
97
81
97
108
95
107
110
108
116
107
83
93
98
105
110
98
104
120
118
83
99
99
102
82
96
99
103
95
105
96
98
90
92
115
83
104
110
95
106
101
118
93
118
81
86
90
88
94
103
88
120
99
106
86
94
104
97
104
100
93
94
101
93
99
104
81
105
114
130
86
127
99
116
79
69
100
114
94
97
103
114
98
93
99
93
98
110
84
78
94
89
80
105
92
103
99
83
109
92
102
101
95
101
101
83
107
87
96
87
106
101
100
91
78
90
101
115
104
107
114
87
100
103
104
108
107
110
110
100
106
79
86
100
99
88
106
87
108
116
91
109
110
106
95
115
87
88
104
99
105
98
104
96
100
99
84
99
99
111
95
115
100
93
90
96
105
112
98
88
99
112
92
93
93
109
114
105
105
97
99
98
95
109
105
109
93
109
117
109
96
92
111
105
113
98
103
98
115
96
83
110
118
112
113
89
116
91
110
77
99
94
110
98
94
79
93
103
111
109
113
93
102
97
94
105
106
98
108
100
100
92
110
92
105
99
101
106
114
89
109
91
89
112
96
93
105
82
126
83
91
96
104
128
102
117
101
86
103
97
105
74
89
102
91
106
99
90
88
109
94
98
103
111
98
99
101
98
109
86
108
109
87
105
92
102
101
94
92
103
90
104
96
101
108
100
115
98
101
116
114
89
96
109
106
98
104
110
107
99
112
102
110
96
88
111
105
98
94
94
106
104
89
94
84
100
97
97
101
86
69
91
103
94
107
91
85
101
88
92
107
97
89
107
104
116
95
96
92
79
96
106
89
121
95
96
106
104
87
81
103
102
113
105
107
93
89
96
73
115
88
99
103
106
106
111
99
116
101
99
92
119
98
88
95
83
106
108
115
98
108
113
101
105
88
104
85
95
119
117
91
88
113
97
111
100
108
99
105
92
93
88
89
112
112
89
110
94
95
103
92
99
93
90
112
102
81
100
95
95
74
93
82
93
109
94
89
96
113
104
81
97
107
94
84
92
113
109
110
98
98
118
97
108
82
88
94
97
95
109
112
109
72
89
99
99
110
123
95
96
90
115
99
95
97
100
103
92
116
105
106
111
86
95
82
118
87
96
64
114
92
99
96
91
96
113
104
103
106
91
93
107
107
88
94
102
101
102
109
115
80
105
117
100
97
91
89
103
77
106
122
93
111
105
115
89
95
95
94
91
83
120
103
81
92
88
91
96
104
90
117
93
100
98
89
96
111
106
98
95
97
104
94
101
98
115
95
83
101
102
104
104
113
96
108
111
104
88
105
110
81
92
98
109
98
100
106
107
89
97
100
74
99
82
97
103
87
90
87
107
101
86
98
107
123
108
86
107
84
108
97
103
86
125
88
100
105
99
96
123
107
101
108
103
115
95
99
101
113
83
102
111
118
109
78
94
103
109
97
97
94
111
108
108
105
95
98
92
110
105
91
113
87
88
105
92
91
84
74
105
85
122
84
92
95
108
87
102
97
96
109
104
99
114
101
88
95
108
87
96
77
97
97
95
110
107
88
94
88
97
104
86
79
106
96
86
96
101
99
105
102
100
95
100
109
97
99
94
95
110
103
80
124
93
103
109
101
85
110
102
110
103
114
119
105
94
89
103
89
86
94
110
124
89
109
93
106
117
97
86
103
96
99
85
99
75
94
89
97
103
80
96
113
92
115
93
100
107
108
105
90
107
110
91
98
115
101
100
101
105
104
104
100
127
99
105
99
91
95
111
97
113
103
102
102
106
97
118
113
104
95
106
79
84
93
97
98
101
100
94
84
88
105
106
112
109
109
121
87
103
98
100
110
131
105
111
108
107
87
109
97
107
90
109
87
97
89
106
88
105
91
94
106
106
114
120
96
103
95
115
113
114
108
116
80
100
106
103
89
91
96
91
87
101
111
89
101
112
88
93
103
107
99
86
97
93
105
89
91
98
80
81
79
95
97
106
105
102
89
93
101
96
100
102
102
99
84
97
90
103
90
94
103
88
111
101
88
104
114
77
86
100
110
95
109
103
83
85
94
102
94
104
105
91
97
113
108
96
110
98
86
89
95
114
115
92
88
98
84
99
90
98
99
92
112
105
96
97
102
105
89
98
107
107
96
99
91
91
111
91
97
94
97
105
109
83
94
85
114
100
84
106
107
98
104
94
103
99
92
105
97
110
100
102
98
111
96
98
89
104
122
108
101
106
79
103
112
97
101
102
97
96
86
96
120
91
105
98
121
94
113
105
101
94
100
91
97
104
117
85
98
108
95
102
86
96
124
117
92
95
101
101
96
107
121
86
101
120
95
99
98
112
106
101
111
100
101
92
86
90
110
77
99
93
107
99
86
87
113
100
107
100
97
85
109
113
84
106
117
101
107
100
108
121
114
98
100
116
102
107
111
97
96
102
96
102
108
78
105
100
95
89
116
95
91
111
113
108
120
102
105
79
80
95
101
93
92
106
112
72
89
116
98
101
103
116
97
94
115
93
113
103
83
106
117
89
110
94
107
99
95
85
79
108
104
103
98
95
97
105
93
96
98
92
122
93
99
99
100
104
95
96
86
104
103
114
87
101
110
100
90
95
82
106
88
87
105
91
104
108
106
118
91
100
102
111
111
86
113
81
91
95
86
100
104
88
97
93
100
112
101
95
94
107
94
94
116
85
92
99
112
91
106
102
115
88
105
96
99
102
114
98
110
105
99
98
114
103
95
106
99
101
93
98
109
102
110
118
79
98
110
96
116
94
95
81
91
98
99
101
97
101
106
104
105
99
94
82
96
94
120
118
114
107
108
110
99
80
92
97
77
99
89
105
80
100
124
83
109
85
95
91
106
104
108
102
101
84
86
136
89
89
100
104
117
101
106
87
92
89
108
83
120
90
113
106
92
114
94
95
119
101
110
97
100
82
88
87
93
110
113
105
100
83
90
87
101
88
94
114
98
100
96
90
103
96
99
101
84
99
120
98
83
112
111
72
97
84
70
101
106
92
89
104
100
85
102
124
110
107
90
113
94
96
99
108
93
87
86
72
109
111
115
102
105
110
109
91
89
89
92
108
104
74
110
89
90
118
111
92
91
106
106
99
87
93
106
91
94
101
84
103
83
116
95
76
104
110
108
104
101
99
87
103
97
108
102
89
106
93
93
94
87
88
93
117
102
98
95
106
115
90
88
107
100
104
93
81
97
93
92
89
103
91
100
113
101
90
107
96
89
92
89
99
114
109
88
120
96
102
103
101
102
92
122
105
106
105
88
88
101
91
104
99
103
91
103
95
93
98
91
105
111
88
94
92
85
98
86
107
87
122
94
102
80
94
94
109
106
90
100
93
109
108
103
97
104
104
91
102
111
105
122
104
97
107
78
95
98
84
82
110
83
89
97
104
102
111
102
83
110
91
96
88
113
100
111
112
101
112
94
110
90
100
91
91
107
96
97
94
121
96
110
81
98
110
93
93
107
106
97
88
103
85
86
103
111
117
107
111
99
99
108
82
102
102
106
117
93
95
100
84
100
108
98
95
105
105
96
94
90
117
94
96
82
106
108
102
90
99
94
89
108
99
95
90
101
98
107
99
106
99
105
119
72
83
94
89
91
103
113
94
85
80
103
101
105
96
112
122
93
124
90
92
114
96
90
91
109
103
110
108
111
116
78
100
105
112
105
103
92
107
102
100
111
97
102
100
110
95
87
95
97
89
93
107
108
92
104
82
92
123
103
108
111
111
110
97
116
96
93
99
96
103
105
120
108
111
115
94
98
100
102
85
104
73
116
105
101
98
97
106
90
127
118
124
114
110
99
101
108
99
110
107
83
117
97
126
100
101
102
107
116
114
98
93
105
99
96
100
102
96
108
103
105
105
105
93
97
100
96
103
98
102
98
91
98
104
89
93
96
75
96
91
114
97
112
94
94
88
86
94
90
92
103
97
91
102
92
93
100
93
93
99
108
102
104
100
116
113
91
81
99
96
98
106
105
99
95
105
117
96
108
100
89
106
103
108
95
88
109
122
96
93
110
115
102
119
110
98
110
95
114
97
102
99
95
93
109
99
94
103
92
98
91
90
113
89
94
87
88
99
110
90
109
93
96
92
102
110
84
101
85
91
102
112
118
100
105
100
106
100
99
104
103
106
118
95
105
104
98
97
101
94
100
118
102
96
100
95
106
99
99
101
97
82
100
82
94
120
108
112
82
104
112
110
109
106
88
100
97
107
113
130
116
112
129
100
117
97
114
93
98
107
84
102
92
76
97
103
108
91
104
102
90
81
115
92
107
100
91
108
100
95
93
93
114
85
108
114
116
92
95
81
114
71
81
95
102
113
97
85
112
81
99
84
93
93
99
104
109
98
104
84
106
91
107
103
90
114
99
110
84
105
102
94
93
106
84
110
105
107
91
94
117
104
99
109
98
109
113
90
98
92
104
108
91
104
101
114
112
107
92
91
88
106
110
96
100
88
101
98
102
96
103
95
93
92
87
94
100
106
108
90
90
85
94
89
97
105
107
102
96
110
111
99
90
101
110
80
111
106
108
108
107
98
89
84
95
93
96
109
94
98
94
97
93
105
97
109
110
101
105
78
117
96
106
108
105
103
99
104
100
89
101
95
115
106
109
105
104
111
102
112
100
96
104
98
86
102
104
90
97
93
109
105
116
107
108
100
96
96
106
108
99
96
109
129
116
91
98
100
101
95
92
101
94
101
98
108
85
86
103
100
76
103
118
94
96
115
89
91
106
105
98
92
119
107
93
84
124
85
96
93
82
106
104
91
111
87
99
121
102
101
111
111
95
87
88
105
106
102
101
95
98
119
108
93
96
90
90
96
78
98
93
89
95
110
98
103
90
109
106
98
105
89
106
104
96
85
98
111
100
97
85
90
82
97
98
92
108
77
118
94
101
108
83
97
100
98
124
95
100
92
96
104
90
113
116
94
94
100
108
105
98
105
109
98
114
100
86
96
100
104
101
93
98
94
96
101
97
104
80
93
96
130
97
96
81
120
101
98
118
118
107
89
93
107
120
87
95
108
103
110
125
93
114
96
93
101
94
94
92
93
105
101
87
99
88
110
116
99
97
98
106
114
101
110
94
102
103
104
110
105
89
83
86
108
97
113
87
93
108
94
92
106
103
107
99
103
97
92
79
100
75
92
86
96
105
105
108
104
96
106
100
110
118
111
80
94
107
107
82
93
109
81
99
85
117
102
92
105
115
92
120
93
93
96
105
102
113
98
107
89
104
104
90
102
100
104
105
87
119
124
106
88
98
93
92
98
107
89
107
102
107
112
97
91
89
107
113
99
101
97
80
96
108
109
114
78
108
108
92
107
96
98
109
111
94
105
94
84
93
91
100
92
87
111
93
92
97
95
94
111
102
91
97
96
97
85
106
88
107
86
106
89
111
101
90
94
108
106
96
90
100
112
105
108
106
93
94
93
114
94
80
90
91
103
99
108
113
97
113
117
98
124
101
101
94
110
108
96
96
90
108
103
90
88
108
100
102
110
96
106
96
114
75
84
100
104
110
111
99
104
99
110
99
106
83
100
115
112
92
107
108
98
103
95
122
104
85
117
110
112
99
104
118
102
76
81
101
92
97
107
110
83
82
87
95
102
95
93
104
101
98
84
88
89
100
90
105
97
104
105
85
96
114
96
101
91
95
96
93
92
95
115
107
90
92
112
66
100
108
107
110
101
90
96
84
100
96
103
104
92
86
100
104
105
117
103
98
92
121
96
100
106
92
109
91
95
107
109
103
105
97
93
89
87
117
125
85
86
104
109
117
103
87
108
85
98
107
102
115
103
114
120
119
99
90
106
101
81
86
104
91
106
103
112
92
82
93
103
108
103
87
104
88
92
106
103
114
105
101
109
93
75
107
100
84
110
97
106
126
121
99
100
96
100
110
87
94
91
104
90
106
103
103
109
108
100
99
98
100
108
93
114
100
83
101
105
97
90
102
98
112
93
100
90
112
87
87
107
92
106
78
91
94
98
97
104
94
103
107
103
85
92
113
90
96
115
109
95
110
98
104
113
97
89
98
116
103
84
111
106
92
104
113
100
101
102
81
114
106
106
98
105
112
113
105
94
100
100
119
111
98
94
98
119
99
120
100
92
98
105
95
109
107
110
108
104
107
85
92
93
102
92
97
102
91
112
101
88
91
105
98
100
105
112
101
89
107
99
101
113
111
86
116
89
96
90
97
105
95
87
111
98
121
112
102
117
107
96
101
101
106
102
107
101
118
106
99
106
88
87
103
108
93
90
102
79
111
98
106
91
101
92
89
102
100
114
95
104
114
92
101
91
78
92
122
98
107
111
127
93
99
90
120
83
80
100
97
118
88
91
96
104
73
102
115
97
109
100
106
89
91
109
100
113
89
110
109
96
83
98
97
103
103
120
91
98
88
95
98
100
95
106
116
115
104
108
102
100
112
116
104
91
102
105
109
107
89
107
93
90
117
98
86
119
93
93
119
110
103
102
88
89
91
90
99
93
90
110
108
121
104
99
93
108
90
100
125
96
87
104
108
102
92
96
96
95
92
105
100
106
102
106
82
115
105
96
93
96
85
99
91
108
70
115
108
92
103
113
105
90
99
97
95
89
97
93
97
97
111
95
89
86
107
101
109
94
111
99
111
106
102
86
105
117
90
92
99
102
94
98
86
83
96
103
95
111
100
91
79
99
106
104
102
99
98
99
100
114
113
89
77
103
101
102
106
88
89
99
93
83
100
109
101
128
84
104
99
92
102
87
102
91
103
84
90
78
96
98
100
99
112
119
105
100
93
86
109
107
119
103
86
113
102
93
95
118
107
92
81
94
91
100
108
103
98
87
96
104
104
102
91
102
94
96
94
117
97
99
82
102
89
114
101
125
128
102
80
102
92
111
123
105
106
110
107
96
112
105
104
82
89
110
93
105
96
97
96
91
90
114
94
117
109
89
106
100
103
86
110
116
88
103
101
108
108
78
90
96
82
108
100
100
111
111
90
106
92
98
101
105
121
112
96
93
115
103
99
101
101
101
95
118
73
112
102
108
103
93
110
109
96
97
108
106
91
108
96
96
112
101
92
96
103
108
96
99
107
89
101
112
113
81
96
112
99
102
94
112
87
115
85
112
87
101
112
94
107
94
96
94
95
82
102
84
104
108
89
103
97
93
111
108
98
100
107
118
98
94
103
103
100
99
96
99
84
86
105
86
110
101
107
107
98
117
119
80
96
113
99
97
87
110
92
82
117
96
107
98
106
108
96
84
106
88
105
126
107
108
97
97
115
101
109
109
96
102
99
96
102
102
104
85
116
106
92
92
99
104
90
117
97
87
107
99
90
112
109
104
86
92
117
88
86
88
96
88
84
90
95
95
92
95
96
100
103
95
106
111
93
93
99
98
99
97
115
95
78
94
105
86
101
97
101
90
83
98
99
91
98
106
114
77
117
112
83
92
107
94
114
103
109
106
109
97
90
96
98
121
109
100
89
102
109
97
84
118
117
105
79
95
100
100
91
106
81
109
109
91
114
75
95
104
100
106
96
103
110
94
100
103
95
105
110
99
98
106
101
93
105
109
99
98
104
98
98
118
103
103
104
104
93
89
119
102
112
96
94
95
93
116
105
109
99
91
117
118
110
110
101
104
104
101
91
104
114
102
84
109
104
81
119
117
81
109
99
103
96
102
106
94
108
91
89
110
106
114
120
88
114
86
101
115
107
114
85
76
100
90
112
93
101
116
97
103
79
115
91
104
106
101
100
100
107
91
115
94
99
76
102
93
101
115
88
106
96
114
99
120
103
93
104
105
105
81
103
85
117
90
90
81
67
89
82
105
114
105
102
109
115
78
87
93
104
100
109
112
101
91
100
96
98
92
95
94
86
88
91
109
125
106
101
93
99
116
99
114
110
124
104
91
108
94
104
97
82
105
97
102
77
107
96
111
88
91
94
102
115
95
96
122
94
106
87
101
89
90
92
86
100
101
92
100
99
108
111
107
86
110
94
102
118
90
98
85
105
97
107
99
110
106
107
92
116
98
105
93
110
99
101
81
94
107
104
95
94
93
109
79
91
106
99
104
101
112
94
122
96
111
91
105
117
110
94
75
122
104
97
110
98
97
96
111
101
93
118
84
85
100
103
113
103
87
101
99
99
83
89
109
108
104
99
99
101
100
98
100
103
96
98
112
98
100
93
99
115
100
114
100
102
95
107
65
114
99
100
97
110
88
103
103
79
106
86
113
98
92
108
101
98
87
94
106
108
95
86
103
90
117
120
88
98
98
115
90
94
111
86
106
111
80
82
93
91
110
118
115
84
85
90
83
95
87
124
88
92
98
95
88
94
112
106
107
92
101
94
96
106
94
95
94
98
108
106
106
112
102
124
115
90
96
98
107
105
109
92
96
103
115
91
96
102
100
84
101
115
95
111
99
106
107
94
109
96
94
86
108
109
96
100
96
107
93
95
113
111
100
107
103
117
103
85
94
119
83
110
99
107
103
121
93
103
79
101
107
88
90
79
117
95
98
82
91
107
102
101
92
84
103
102
96
110
91
121
86
89
110
112
109
112
101
91
110
93
93
103
98
92
96
102
107
106
104
103
91
104
89
93
97
102
100
98
113
103
119
98
92
97
109
94
106
107
96
85
112
100
70
89
106
100
95
102
101
98
117
94
86
115
104
108
90
98
106
78
91
121
109
100
94
111
102
103
102
95
105
98
92
101
110
106
97
106
94
95
84
118
95
79
107
98
102
99
79
100
109
95
93
96
76
93
99
91
105
102
109
101
80
102
89
98
108
99
79
97
101
93
107
80
100
88
102
74
128
99
109
89
106
111
105
86
114
91
100
112
110
92
81
96
111
105
105
96
91
121
72
92
83
93
85
112
105
113
111
110
111
95
97
116
99
81
104
101
88
116
102
92
112
112
96
81
101
102
100
96
103
109
100
105
101
116
83
101
99
104
92
94
91
122
84
102
104
89
99
95
94
98
94
93
94
87
98
94
107
98
108
110
97
108
82
108
101
103
102
102
100
103
114
99
118
93
98
92
102
97
84
102
114
106
116
98
107
112
87
90
86
84
103
92
100
96
97
116
78
105
102
108
115
88
87
101
93
87
92
93
92
105
111
94
102
99
99
96
104
102
102
91
122
86
100
99
91
85
95
112
83
99
101
93
93
102
100
90
89
113
98
103
82
102
105
114
108
103
86
96
115
103
113
96
103
112
78
95
129
85
120
92
87
88
87
115
96
89
113
98
103
115
89
88
100
105
102
87
102
106
112
96
90
80
80
88
86
107
103
113
107
90
101
105
79
110
109
103
102
94
122
112
93
88
94
95
84
118
105
89
111
96
103
90
106
103
111
122
95
106
89
107
100
115
99
102
94
121
108
93
107
94
88
106
113
108
92
105
116
118
95
96
111
107
88
105
87
113
96
107
108
102
92
94
106
101
92
91
88
105
93
96
101
92
116
96
99
95
78
73
76
90
94
104
84
96
107
95
99
104
94
110
92
104
96
93
85
98
112
100
107
99
103
107
88
106
95
111
119
96
96
102
96
97
95
105
92
105
91
89
94
91
108
92
103
114
101
99
121
106
80
100
74
101
106
114
91
89
95
100
89
99
92
85
97
97
85
102
113
85
103
103
102
96
101
112
106
108
93
98
89
89
77
93
83
98
99
110
104
95
92
96
101
109
107
102
108
102
111
117
114
103
90
92
96
88
82
110
85
90
96
99
97
111
98
102
106
110
92
91
117
98
95
105
108
94
105
111
94
111
112
92
100
96
95
88
103
118
109
93
120
95
100
99
100
103
106
80
91
93
112
89
111
93
114
111
95
84
96
111
97
91
97
107
97
94
96
107
95
112
103
85
84
87
107
106
100
108
98
102
101
104
86
86
98
108
88
95
109
94
92
108
115
117
115
99
94
102
94
102
116
92
108
83
109
111
114
97
96
87
102
110
109
103
87
81
97
104
90
107
92
113
93
101
97
92
110
113
85
95
90
97
108
71
91
107
98
105
97
106
120
99
97
88
89
102
114
103
96
100
104
120
108
110
99
92
98
86
98
98
98
104
87
94
98
87
85
85
91
100
99
99
94
105
78
109
97
126
84
95
98
93
102
104
104
102
100
104
114
85
103
91
101
88
95
90
114
116
110
111
115
100
80
97
97
108
75
115
89
100
118
110
104
116
109
100
109
103
94
104
91
84
91
106
110
86
82
92
107
106
102
100
93
92
109
96
102
88
88
85
133
101
107
121
92
113
97
92
118
115
96
99
94
88
109
86
104
106
104
80
119
96
106
93
92
103
84
100
95
95
89
84
105
98
92
97
102
71
102
105
100
101
103
108
93
101
97
106
86
106
104
102
105
114
92
100
89
102
103
92
95
107
104
109
101
76
103
123
116
101
101
103
100
102
112
95
100
92
100
82
98
109
116
114
105
102
99
98
102
95
86
97
115
84
83
103
99
103
104
108
104
82
91
93
92
93
113
91
94
125
100
113
84
91
82
101
90
126
74
103
99
105
92
92
101
121
91
86
118
94
82
93
102
101
102
101
100
95
84
96
106
107
94
89
93
87
95
116
92
99
108
102
110
89
99
82
109
98
97
98
91
89
105
95
107
70
88
106
93
100
93
109
115
103
102
111
122
99
108
101
110
100
99
100
80
106
97
111
98
95
93
90
105
107
97
103
104
101
101
72
85
106
100
92
97
104
115
108
94
95
91
100
80
105
101
95
84
94
89
111
96
106
106
84
108
94
104
98
115
98
114
111
84
101
102
113
109
103
99
95
103
117
121
102
74
103
99
119
80
109
93
93
110
89
105
127
102
109
83
102
96
114
110
90
101
103
109
100
91
91
102
98
86
93
93
104
113
97
105
101
127
91
113
96
90
90
96
103
106
97
98
99
109
82
104
102
121
109
100
96
100
109
97
92
95
104
96
96
107
98
93
99
109
84
87
76
93
110
90
106
90
104
92
101
112
93
91
121
76
110
100
105
95
111
92
97
100
93
91
104
93
104
100
117
108
103
103
111
91
101
110
102
97
93
95
88
98
114
102
96
95
103
104
109
102
90
101
91
94
98
110
110
82
88
101
106
121
94
81
93
93
107
83
97
90
116
92
106
100
96
102
87
87
101
90
111
107
94
106
92
114
107
106
105
108
87
121
106
88
93
105
98
105
74
105
105
113
115
109
102
100
95
105
100
96
115
100
85
105
108
83
107
78
106
109
102
109
90
114
106
83
93
83
96
93
110
101
91
110
113
105
103
117
117
102
111
101
89
95
96
93
114
108
88
91
98
78
81
98
80
109
103
97
105
101
77
96
102
111
96
102
94
92
101
96
95
101
115
105
87
111
107
97
117
94
97
117
108
85
111
106
93
104
99
91
107
113
100
92
120
95
86
106
93
94
96
93
113
94
107
102
96
100
104
104
121
92
112
84
89
113
96
98
100
100
109
98
99
102
79
94
91
107
104
96
94
88
110
108
91
93
111
86
88
95
100
93
111
91
97
90
99
99
98
115
112
90
102
101
92
88
89
101
97
103
86
98
115
108
93
93
100
96
108
100
85
108
104
83
101
104
114
98
107
105
79
103
106
104
106
106
78
105
95
108
113
90
88
84
92
86
102
96
92
89
114
100
107
124
109
88
100
104
87
103
101
117
103
109
94
99
109
94
86
100
85
111
94
99
102
117
90
104
98
93
95
92
102
79
103
93
87
101
98
93
98
108
95
93
106
114
95
101
124
94
108
109
96
92
106
93
98
84
90
92
108
99
94
88
81
91
99
100
93
85
126
95
98
98
85
97
103
110
107
133
87
97
116
94
105
110
99
96
104
103
86
87
94
102
105
92
100
94
103
92
84
121
93
99
107
100
89
84
104
95
114
121
109
101
102
99
89
86
106
99
89
110
98
108
106
78
106
91
103
99
81
107
106
108
96
103
90
108
103
92
113
121
93
104
93
99
96
96
99
89
80
106
104
94
110
108
106
87
95
93
102
102
85
81
104
93
93
96
92
99
108
101
100
87
96
106
97
107
89
96
100
89
91
100
96
103
99
130
93
84
115
96
107
93
87
97
94
86
97
113
105
102
86
100
90
99
95
121
109
94
96
79
96
102
105
91
102
89
106
99
83
100
106
94
90
108
89
108
101
92
96
92
93
96
102
102
82
91
120
97
108
96
81
109
97
99
94
106
89
107
106
92
100
86
92
109
94
104
96
96
84
104
96
104
107
105
89
106
93
111
103
93
87
121
97
92
108
96
99
92
99
104
107
102
101
106
100
108
117
88
105
100
105
98
100
92
108
89
97
93
93
105
100
88
87
107
109
106
97
91
72
114
91
106
104
120
86
90
92
90
112
119
108
100
115
93
109
91
102
102
107
73
93
88
97
97
107
83
110
82
95
96
83
100
107
89
97
100
105
98
108
90
96
108
87
95
113
99
94
91
124
104
112
101
103
96
99
104
107
83
99
106
110
118
100
84
82
109
82
104
98
98
83
84
92
115
87
92
98
87
106
96
106
100
101
109
116
78
100
96
90
114
109
86
112
95
96
118
79
98
98
113
96
113
106
114
99
99
98
91
90
107
98
100
95
98
89
107
98
117
106
106
98
91
106
98
99
100
118
107
95
103
89
94
109
111
101
99
91
92
113
115
102
102
99
105
91
89
115
79
100
89
101
108
89
86
99
110
99
96
81
105
91
94
93
98
105
98
100
101
103
83
111
82
109
94
108
97
113
102
97
105
106
87
76
108
112
104
92
95
100
89
97
103
101
102
104
98
97
94
84
91
100
79
89
100
103
106
106
89
110
104
112
113
100
108
99
88
95
83
121
114
105
90
97
111
102
95
92
97
88
81
95
108
92
106
88
98
116
101
97
84
106
94
85
106
94
101
98
103
111
102
91
91
114
103
90
106
85
108
118
106
115
96
96
79
92
102
105
105
100
95
87
104
105
107
104
103
89
90
99
90
118
106
116
103
107
92
86
103
97
104
92
107
94
93
97
93
94
99
97
99
117
110
95
91
98
106
93
72
105
103
106
82
97
91
106
88
103
120
91
78
99
103
82
96
102
100
95
95
86
120
92
103
112
104
101
102
100
99
86
107
86
109
102
94
125
110
102
88
94
88
103
108
88
104
110
115
80
122
71
111
82
87
89
109
109
82
89
109
90
103
105
128
103
108
108
113
92
104
113
102
104
83
89
93
94
89
95
90
101
121
90
102
90
105
91
94
107
98
107
87
102
104
87
116
98
97
94
85
105
119
93
82
95
101
100
92
85
105
116
83
97
92
89
104
117
124
105
111
102
117
99
101
96
90
75
98
95
92
98
101
101
108
110
87
101
99
96
113
110
118
113
90
80
95
95
86
105
85
111
77
87
111
102
109
97
116
75
102
107
102
91
98
87
91
89
102
94
104
103
85
104
114
96
98
104
97
96
104
100
112
104
95
96
78
111
102
92
114
107
98
100
89
108
115
110
107
98
89
108
120
77
109
102
98
114
114
91
78
97
106
109
130
100
88
87
109
95
114
88
86
92
104
103
86
81
117
87
93
96
103
104
97
89
98
104
108
105
100
104
115
105
108
88
85
105
104
84
91
102
93
90
106
91
77
104
100
97
85
107
97
117
91
109
77
84
110
94
84
99
93
97
90
108
109
94
97
82
103
92
100
85
93
95
95
99
99
112
100
87
101
86
100
104
109
105
75
105
112
88
106
120
87
111
106
107
101
107
85
71
97
91
105
94
99
84
103
88
80
113
104
100
88
93
112
105
100
98
109
98
129
78
120
106
106
94
101
87
88
104
98
109
92
113
101
92
85
112
85
91
111
88
102
97
67
89
97
112
86
102
90
96
95
111
92
106
99
107
103
111
93
80
94
107
113
100
97
105
102
99
94
92
112
111
93
81
103
101
98
89
89
121
91
106
101
99
74
96
110
74
109
90
104
101
110
94
97
75
90
96
105
95
114
106
97
99
110
110
106
99
101
105
104
98
110
114
120
80
109
98
97
89
109
87
100
101
94
81
110
96
97
107
98
98
108
118
92
98
110
101
101
106
81
99
119
101
91
86
110
109
106
104
99
107
111
92
90
105
101
118
83
110
103
108
112
87
95
114
116
100
80
115
91
107
85
99
87
107
110
106
96
93
87
113
111
100
111
87
95
91
98
102
98
115
86
97
81
96
118
97
81
95
99
95
97
90
117
111
94
108
99
113
92
101
108
83
97
121
102
110
104
89
95
96
115
98
110
114
85
102
99
94
103
100
98
111
87
108
91
105
107
107
124
97
96
109
94
99
107
92
95
101
97
101
79
85
106
94
108
93
102
103
92
97
107
89
95
80
100
85
92
88
102
97
107
116
119
91
111
98
106
97
101
96
97
120
105
92
71
107
99
104
114
113
98
112
100
109
95
88
107
105
102
116
99
102
103
105
82
99
90
100
81
100
112
88
87
95
90
96
97
116
96
90
99
74
95
97
98
93
108
113
107
102
76
96
83
95
108
99
89
115
102
108
89
105
98
93
110
87
124
86
95
110
88
109
95
102
84
111
110
95
97
110
108
93
101
95
105
114
112
90
104
120
106
114
83
81
125
118
92
88
98
108
107
98
103
82
101
93
82
114
110
103
106
110
103
122
98
94
93
102
108
112
84
87
91
105
88
98
104
86
112
113
105
72
101
114
87
111
94
89
89
100
94
100
93
96
97
97
107
87
99
109
70
83
97
81
85
118
109
90
124
100
113
111
92
95
95
98
105
103
100
116
98
87
102
75
99
93
91
122
102
100
100
105
125
118
92
109
94
97
110
90
87
87
80
97
97
102
83
85
100
96
101
74
103
108
115
109
97
116
112
128
90
110
111
105
79
109
97
96
95
88
88
100
110
109
99
101
101
104
95
84
102
88
101
101
96
83
92
83
113
97
106
107
96
84
93
86
93
111
102
109
100
89
103
96
106
100
88
87
91
92
91
115
106
102
100
91
114
95
80
81
102
97
107
104
100
98
104
94
87
101
114
92
98
124
112
112
97
86
104
99
91
118
100
104
92
100
109
80
107
94
96
100
116
106
101
102
108
104
98
108
99
105
98
86
93
89
101
97
90
87
99
96
92
91
97
107
101
98
115
117
99
94
98
91
106
105
102
83
96
102
85
90
99
94
87
125
114
88
96
87
96
111
88
106
96
97
110
114
85
121
93
103
114
100
78
101
106
83
102
105
89
108
110
104
103
110
94
78
92
73
106
116
76
106
94
107
105
102
98
96
124
98
94
100
100
107
95
100
72
95
110
112
108
100
105
95
99
111
96
81
103
110
104
88
92
86
93
107
102
103
92
98
106
97
94
89
107
96
101
103
101
110
113
114
96
103
109
87
96
83
105
111
108
103
94
98
93
97
80
83
112
105
115
87
103
94
109
106
101
106
90
94
105
112
97
115
106
93
106
110
99
104
117
92
127
94
90
80
87
104
111
95
99
112
109
85
94
114
91
110
104
79
88
102
113
79
108
115
89
93
99
92
95
86
82
104
117
109
92
107
115
99
91
116
90
86
110
85
93
115
107
96
96
103
98
77
89
72
105
97
106
110
86
104
81
103
112
100
103
113
110
103
92
103
100
104
93
97
99
99
116
107
99
83
106
103
107
105
83
86
91
86
114
114
85
99
87
97
94
103
92
112
96
104
118
99
89
107
98
93
76
95
87
106
114
82
95
107
117
94
79
106
97
96
100
99
95
81
80
100
108
99
102
95
107
110
110
81
105
96
92
108
109
106
93
104
100
99
93
121
104
110
94
96
98
102
101
93
87
102
102
87
91
115
104
115
86
101
105
99
105
99
103
103
89
91
109
101
94
93
104
96
95
112
91
97
100
88
93
106
80
112
80
95
111
84
93
93
87
113
87
108
102
89
103
107
107
99
93
92
81
94
100
106
77
101
96
110
106
104
93
96
94
108
96
78
87
97
101
102
105
116
98
91
112
96
78
92
106
98
104
93
98
105
76
107
93
101
94
116
112
89
88
84
106
104
98
97
111
86
89
100
89
96
99
102
100
106
86
107
101
104
92
109
98
93
95
119
113
89
114
95
90
90
97
115
107
108
90
73
91
99
103
89
97
93
99
94
106
104
118
107
104
96
87
101
97
106
101
89
94
86
87
104
114
117
73
96
101
92
108
98
105
87
91
96
107
91
101
109
106
100
93
97
105
94
103
106
100
102
99
101
99
91
111
103
116
99
76
100
109
99
126
100
102
113
90
101
96
86
89
95
98
94
103
102
93
100
96
118
83
127
97
95
106
117
120
110
102
102
111
99
115
91
85
100
103
99
101
113
90
101
105
100
99
95
111
96
120
94
93
98
90
119
104
120
109
95
86
101
88
108
96
99
92
100
106
93
104
88
107
86
97
116
91
110
103
97
89
121
90
86
91
105
101
93
107
101
100
92
90
101
119
83
99
112
95
107
114
97
93
102
109
106
94
104
97
91
93
93
98
96
106
87
98
95
110
91
118
102
97
83
98
104
98
92
86
94
103
101
105
104
104
112
94
105
107
92
103
98
114
96
97
110
109
97
93
111
99
94
125
94
109
98
124
98
97
90
105
102
105
111
104
88
94
108
90
91
119
105
108
126
99
97
112
96
107
101
100
92
109
114
99
110
91
97
98
97
108
99
88
82
101
83
110
97
96
101
99
99
99
104
96
102
117
94
101
105
105
92
95
109
92
97
103
91
99
94
100
90
107
105
86
91
118
114
86
87
91
93
100
88
99
90
102
94
105
99
82
117
96
89
104
94
112
96
89
105
100
109
105
107
99
94
95
96
101
99
106
86
98
102
87
94
94
89
109
107
110
99
84
98
82
103
123
103
95
104
101
101
85
95
104
121
88
99
101
94
102
75
104
98
110
120
106
93
105
84
103
85
90
98
104
95
102
91
95
90
96
94
103
108
114
106
87
96
106
100
86
91
90
107
93
111
104
107
98
95
83
101
101
102
95
111
100
97
81
87
126
106
89
101
82
99
100
79
91
96
101
104
99
110
111
105
99
108
96
102
95
95
116
75
126
117
114
110
100
97
86
116
115
83
108
99
108
114
101
99
103
99
105
111
104
95
101
98
96
98
114
105
91
101
109
106
110
96
103
81
85
116
111
96
102
109
110
92
100
99
87
96
97
113
104
110
99
95
107
71
97
103
101
104
99
97
107
85
101
86
95
105
109
99
75
85
96
102
103
106
87
109
118
88
99
99
94
99
103
114
88
103
92
104
99
82
92
80
107
84
94
98
102
112
124
96
88
104
109
72
115
87
109
99
83
94
111
90
105
107
119
73
88
110
107
104
112
114
106
117
100
109
112
120
110
99
99
89
99
109
114
121
90
106
80
91
92
105
90
101
92
94
99
89
111
99
92
100
93
89
103
74
87
104
111
99
118
122
81
114
89
103
105
101
101
103
93
115
104
95
90
102
93
104
100
98
93
89
92
115
105
97
106
101
114
89
93
104
93
101
96
101
100
91
115
95
115
93
99
91
100
118
101
110
100
112
94
105
82
110
103
99
99
90
90
97
87
113
91
87
119
106
102
93
119
106
79
111
94
97
89
94
111
99
102
93
78
99
113
111
107
111
103
74
98
105
110
106
104
103
92
109
122
97
85
101
109
123
109
110
98
103
106
91
105
95
89
89
92
100
84
110
128
73
89
99
95
94
108
103
121
93
77
90
99
98
94
99
90
104
98
106
98
96
105
97
98
99
102
97
102
100
94
106
94
121
105
116
99
90
98
86
89
114
109
103
98
114
101
99
104
105
102
106
100
87
109
104
93
106
105
97
86
95
103
111
90
93
101
111
114
80
116
95
86
101
108
88
115
106
111
101
101
112
93
102
104
98
102
107
89
91
111
95
85
102
94
86
107
102
120
106
103
98
98
83
88
107
104
108
102
105
95
115
96
119
99
96
99
103
104
99
106
103
109
104
85
102
105
100
107
94
86
96
85
85
81
91
97
95
102
104
112
96
97
116
115
101
115
86
99
99
125
101
114
81
112
96
93
88
86
112
80
91
99
99
109
101
93
93
108
116
104
100
97
102
85
114
111
106
98
80
88
80
103
113
98
94
96
102
91
109
94
91
96
93
110
83
83
101
86
97
111
107
107
87
110
95
97
100
80
105
105
92
106
95
105
93
91
91
109
125
98
95
100
97
101
100
98
108
80
104
91
96
97
99
108
96
95
115
92
96
107
108
82
101
82
93
101
109
96
97
117
108
94
101
84
92
105
96
96
100
85
89
116
89
98
94
104
108
110
95
103
118
112
96
98
114
81
91
112
85
102
108
100
104
96
112
89
106
92
102
90
93
102
108
94
105
93
116
101
115
90
97
84
91
116
104
86
95
101
84
115
109
107
113
87
90
90
100
105
84
110
90
90
103
83
112
101
102
109
112
94
120
91
89
91
102
97
117
86
103
121
124
120
81
104
93
87
114
99
98
86
97
87
129
109
94
112
97
96
107
101
95
97
122
100
106
79
110
98
115
101
95
107
91
101
98
92
104
99
99
128
84
118
95
102
100
101
84
113
110
96
109
91
96
100
102
111
91
85
95
109
96
95
82
104
102
99
85
94
114
108
94
99
111
103
84
86
105
99
92
84
81
87
100
114
91
81
93
104
103
86
116
111
84
89
100
86
97
108
78
92
105
94
105
94
109
110
102
81
95
96
107
84
113
91
96
86
114
124
104
92
100
99
108
84
99
104
96
97
84
101
99
111
106
87
97
102
101
116
102
108
100
81
102
91
109
78
102
101
103
113
101
100
110
95
96
119
88
106
114
99
106
90
100
118
104
103
113
104
100
92
104
87
99
99
101
99
116
106
101
104
105
92
91
105
101
93
114
108
105
94
102
108
92
112
110
92
100
94
94
107
105
99
105
100
105
88
112
89
108
106
86
111
105
106
99
105
95
90
96
103
108
88
103
98
76
120
96
93
97
96
108
109
100
100
104
88
92
86
86
91
90
106
86
86
108
98
91
99
117
91
99
92
91
105
114
102
94
99
103
112
103
83
112
105
112
105
104
117
88
99
112
99
91
90
95
106
98
120
106
113
88
106
97
106
80
97
100
102
99
102
113
99
102
102
86
88
102
96
93
67
112
102
93
97
94
78
103
94
102
102
101
93
93
93
95
80
104
104
92
110
111
111
107
112
110
102
99
90
83
115
114
86
109
109
86
96
90
90
102
79
94
88
114
110
112
99
95
97
99
109
124
95
80
113
91
116
93
96
94
81
117
91
105
97
115
88
73
103
85
80
95
102
91
106
96
91
109
90
99
104
107
91
101
107
108
83
83
108
91
99
97
105
99
90
108
114
100
91
113
105
93
121
113
102
116
100
93
99
91
96
92
88
95
109
102
103
87
105
98
79
93
97
91
115
108
100
92
108
107
113
107
103
104
97
92
119
101
103
110
100
98
94
98
104
109
79
98
97
110
97
107
97
97
104
97
106
81
91
93
85
103
92
101
98
105
105
104
112
99
82
80
99
85
111
113
99
87
122
101
103
113
109
91
85
111
87
89
97
98
105
93
91
109
99
97
117
94
94
110
101
103
90
112
108
97
99
102
109
102
107
93
109
92
96
103
116
92
96
94
112
98
72
105
97
114
96
86
107
100
100
99
119
82
80
104
100
91
117
105
109
79
104
81
113
96
99
101
91
112
112
81
101
93
99
96
101
107
102
74
111
98
97
109
110
86
82
96
103
122
104
92
108
73
122
103
93
98
84
104
97
92
101
95
88
102
80
107
119
108
92
102
101
96
96
96
106
106
97
85
108
113
109
97
106
107
101
110
107
96
105
93
84
89
105
111
97
79
106
96
105
93
99
119
92
98
104
111
116
95
105
113
105
87
106
111
91
85
100
83
105
103
103
94
88
93
100
84
93
104
88
114
105
97
104
94
98
101
95
107
109
98
100
103
112
100
105
121
99
101
100
104
90
82
97
103
96
101
113
103
115
81
107
101
81
105
118
101
98
96
105
86
106
90
99
90
89
93
97
96
96
109
113
104
95
106
91
122
104
111
106
111
101
121
118
91
91
94
112
106
97
90
105
92
100
114
107
116
108
108
102
98
102
95
93
85
99
89
85
81
107
87
111
84
101
89
111
114
94
99
87
95
104
106
88
89
93
84
105
106
115
114
106
104
110
93
112
84
99
91
101
99
102
108
103
116
96
89
96
97
109
104
95
90
105
103
126
101
93
104
100
94
102
99
92
96
95
95
102
82
119
108
89
84
95
102
94
91
119
111
79
96
96
90
92
112
107
92
100
87
89
106
96
100
95
85
98
96
91
110
104
86
103
77
87
104
101
111
99
88
116
86
109
100
120
92
101
113
100
89
119
109
106
110
97
121
89
107
105
106
78
117
103
85
104
88
88
107
95
109
94
100
113
95
94
101
97
91
100
105
103
97
113
103
111
93
93
118
92
102
98
104
96
96
110
106
84
104
74
87
91
116
115
111
79
96
91
109
99
104
119
71
88
107
134
100
95
100
111
112
127
117
95
106
118
114
123
101
99
105
102
69
99
110
94
96
72
82
103
123
97
94
109
110
95
109
90
89
96
100
104
104
98
108
109
96
106
115
89
83
88
115
102
92
94
121
101
97
103
93
104
89
87
91
112
83
100
109
83
99
109
113
93
105
94
100
115
99
124
99
91
91
86
104
103
96
107
104
96
111
75
113
94
101
102
109
111
105
102
92
111
97
87
100
99
108
109
112
87
126
95
111
80
95
94
103
117
89
104
75
93
130
113
100
101
99
90
90
89
103
98
104
83
96
93
110
91
94
104
94
92
115
97
89
92
97
114
109
91
95
97
109
98
103
99
94
112
106
108
92
109
98
108
103
100
97
109
110
93
101
105
117
105
94
97
105
113
106
105
85
86
97
105
115
114
100
96
97
115
107
108
115
110
112
109
96
99
107
101
116
94
104
95
89
90
120
78
123
85
112
107
113
111
97
97
98
108
94
106
85
114
107
105
110
118
114
112
102
99
96
101
102
116
107
101
100
103
108
122
99
91
103
90
102
108
109
93
111
111
112
113
106
93
102
115
101
77
113
98
100
100
110
92
100
83
95
114
103
118
95
98
101
90
101
99
91
101
103
111
100
92
98
102
85
91
104
111
104
85
100
112
83
107
110
107
104
74
103
105
99
110
100
96
113
111
85
86
130
75
104
101
104
82
92
111
102
111
105
94
98
108
110
95
110
92
86
111
96
99
84
112
107
103
90
105
96
84
125
107
85
86
98
99
97
84
97
73
103
111
107
106
100
93
98
118
110
80
89
102
108
105
88
111
114
99
103
82
90
90
97
116
103
97
92
73
105
106
105
104
105
98
83
109
91
105
83
104
91
95
97
104
105
99
100
100
101
101
103
119
101
121
82
96
88
107
85
122
87
110
87
83
103
103
107
86
111
107
105
114
101
101
89
104
110
100
98
97
96
121
89
105
91
107
99
108
108
113
107
116
92
91
96
125
92
96
108
86
104
108
102
100
97
113
96
100
108
112
110
101
97
81
104
90
105
94
93
104
99
91
107
103
82
96
98
102
98
98
83
94
82
86
97
103
85
117
104
99
100
101
121
100
108
87
96
103
97
91
94
114
90
85
103
98
102
111
91
96
96
114
114
98
99
112
95
103
93
101
112
103
84
104
88
94
109
87
115
88
94
87
112
103
85
103
82
117
103
91
99
103
93
77
103
109
96
103
90
96
96
97
100
81
104
123
103
102
109
94
96
89
95
98
107
87
103
88
115
106
73
109
106
108
99
91
106
91
104
90
112
114
111
95
84
94
98
89
105
109
100
94
98
100
96
88
96
93
122
101
93
115
104
113
88
97
94
100
96
105
104
90
102
101
105
80
101
91
94
96
93
95
101
94
98
86
105
109
108
87
82
105
85
112
99
104
87
95
105
104
117
100
94
94
104
81
96
116
97
99
98
113
97
112
97
87
108
97
87
78
114
117
80
93
89
98
112
84
84
114
96
99
130
101
84
108
111
91
99
96
101
103
110
109
95
94
114
110
112
117
82
104
96
114
97
113
95
105
102
96
104
90
93
118
97
103
98
119
105
122
118
90
87
91
94
103
91
84
102
108
82
107
114
94
69
106
82
96
93
90
87
86
80
91
113
75
95
93
91
82
115
77
94
105
94
118
120
104
108
95
92
99
97
85
105
101
79
106
102
99
101
104
96
84
115
87
103
102
99
86
102
89
98
113
97
103
104
96
107
94
105
102
101
95
83
86
102
93
99
111
98
87
107
106
110
124
101
101
113
112
105
90
93
87
89
103
104
84
97
108
102
100
105
108
94
106
91
90
109
108
103
109
111
107
101
109
101
100
112
94
104
105
100
112
85
117
117
92
101
85
106
105
90
87
101
94
116
82
100
103
100
105
98
118
94
104
102
100
94
105
85
91
98
105
111
106
97
101
105
105
95
99
90
87
116
100
100
74
98
103
85
92
96
103
103
97
117
104
88
77
93
118
97
94
84
93
92
98
114
98
109
88
105
94
92
120
113
106
101
96
89
108
97
89
102
95
98
98
109
